Timber auctions results for each of 15 parameter settings:

Welfare
-------
#   simul   sequential   descending (std err)   first-best (std err)
 1    99.403   101.150   101.917 (0.011)   101.939 (0.011)
 2    76.519    77.911    78.271 (0.010)    78.379 (0.010)
 3   112.277   114.324   114.626 (0.011)   115.524 (0.012)
 4    95.491    96.318    96.994 (0.012)    96.994 (0.012)
 5   102.403   104.661   105.594 (0.011)   105.613 (0.011)
 6    47.523    49.060    49.682 (0.005)    49.691 (0.005)
 7   196.876   198.930   204.508 (0.023)   204.544 (0.023)
 8    83.837    85.582    86.483 (0.009)    86.488 (0.009)
 9   120.799   122.374   123.230 (0.014)   123.317 (0.014)
10    70.385    71.865    72.481 (0.005)    72.489 (0.005)
11   142.273   143.981   150.296 (0.025)   150.662 (0.025)
12   101.078   102.906   103.763 (0.012)   103.786 (0.012)
13    97.455    99.342    99.868 (0.010)    99.883 (0.010)
14   108.050   108.461   108.613 (0.013)   108.637 (0.013)
15    92.832    95.659    96.880 (0.010)    96.898 (0.010)
16    61.036    71.020    73.813 (0.008)    73.828 (0.008)

Welfare as percent of first-best
----------------------------------
#   simul   sequential   descending
 1     97.51     99.23     99.98
 2     97.63     99.40     99.86
 3     97.19     98.96     99.22
 4     98.45     99.30    100.00
 5     96.96     99.10     99.98
 6     95.64     98.73     99.98
 7     96.25     97.26     99.98
 8     96.93     98.95     99.99
 9     97.96     99.23     99.93
10     97.10     99.14     99.99
11     94.43     95.57     99.76
12     97.39     99.15     99.98
13     97.57     99.46     99.99
14     99.46     99.84     99.98
15     95.80     98.72     99.98
16     82.67     96.20     99.98

Revenue
-------
#   simul   sequential   descending (std err)
 1    71.258    72.572    72.987 (0.004)
 2    50.958    52.340    52.875 (0.003)
 3    83.890    85.224    84.179 (0.004)
 4    64.418    64.515    64.489 (0.004)
 5    75.877    77.649    78.480 (0.004)
 6    34.099    35.520    36.003 (0.002)
 7   142.734   143.759   144.821 (0.008)
 8    61.916    62.965    63.403 (0.003)
 9    83.902    85.333    85.619 (0.005)
10    57.128    58.818    59.292 (0.002)
11    91.113    91.665    91.907 (0.007)
12    70.634    72.380    73.065 (0.004)
13    71.912    73.101    73.100 (0.004)
14    75.746    75.742    75.907 (0.004)
15    66.675    69.333    70.137 (0.004)
16    42.422    50.642    53.663 (0.003)

Revenue as percent of descending
----------------------------------
#   simul   sequential
 1     97.63     99.43
 2     96.37     98.99
 3     99.66    101.24
 4     99.89    100.04
 5     96.68     98.94
 6     94.71     98.66
 7     98.56     99.27
 8     97.66     99.31
 9     97.99     99.67
10     96.35     99.20
11     99.14     99.74
12     96.67     99.06
13     98.37    100.00
14     99.79     99.78
15     95.06     98.85
16     79.05     94.37

Percent of bidders inspecting
------------------------------
#   descending (std err)   opt (std err)
 1     42.5 (0.0)     42.2 (0.0)
 2     53.5 (0.0)     52.5 (0.0)
 3     38.4 (0.0)     36.6 (0.0)
 4     66.4 (0.0)     66.4 (0.0)
 5     32.6 (0.0)     32.3 (0.0)
 6     33.3 (0.0)     33.1 (0.0)
 7     51.9 (0.0)     51.4 (0.0)
 8     42.9 (0.0)     42.8 (0.0)
 9     41.4 (0.0)     40.7 (0.0)
10     29.7 (0.0)     29.5 (0.0)
11     54.9 (0.0)     54.1 (0.0)
12     33.7 (0.0)     33.5 (0.0)
13     53.5 (0.0)     52.9 (0.0)
14     65.2 (0.0)     64.4 (0.0)
15     34.2 (0.0)     34.0 (0.0)
16     18.0 (0.0)     18.0 (0.0)
