Welfare
-------
#   simul (std err)   descending (std err)   first-best (std err)   |   never-inspect (std err)   random (std err)
 1     2.857 (0.003)     2.975 (0.002)     2.975 (0.002)   |     2.743 (0.002)     1.207 (0.001)
 2     0.809 (0.001)     0.814 (0.001)     0.818 (0.001)   |     0.807 (0.001)     0.494 (0.001)
 3     3.752 (0.004)     3.958 (0.003)     3.958 (0.003)   |     3.538 (0.002)     1.131 (0.000)
 4     7.766 (0.016)     7.957 (0.012)     7.958 (0.012)   |     6.795 (0.006)     2.423 (0.003)
 5     1.148 (0.000)     1.154 (0.000)     1.154 (0.000)   |     1.148 (0.000)     0.678 (0.000)
 6     2.164 (0.003)     2.239 (0.002)     2.239 (0.002)   |     2.129 (0.001)     0.838 (0.001)
 7     3.043 (0.003)     3.171 (0.002)     3.171 (0.002)   |     2.848 (0.002)     1.337 (0.001)
 8     2.603 (0.003)     2.697 (0.002)     2.698 (0.002)   |     2.503 (0.002)     1.025 (0.001)
 9     1.981 (0.002)     2.066 (0.001)     2.066 (0.001)   |     1.913 (0.001)     0.858 (0.000)
10     2.576 (0.003)     2.664 (0.002)     2.664 (0.002)   |     2.469 (0.002)     0.976 (0.001)
11     3.638 (0.004)     3.748 (0.003)     3.749 (0.003)   |     3.473 (0.002)     1.384 (0.001)
12     2.701 (0.003)     2.820 (0.002)     2.820 (0.002)   |     2.619 (0.002)     1.169 (0.001)
13     2.533 (0.002)     2.561 (0.002)     2.562 (0.002)   |     2.524 (0.001)     0.927 (0.000)
14     4.511 (0.004)     4.677 (0.002)     4.677 (0.002)   |     4.100 (0.001)     2.194 (0.001)
15     2.519 (0.004)     2.671 (0.001)     2.671 (0.001)   |     2.253 (0.001)     1.184 (0.000)
16     3.559 (0.004)     3.609 (0.003)     3.609 (0.003)   |     3.544 (0.003)     1.284 (0.001)

Welfare as percent of first-best
--------------------------------
#   simul   descending   |   never-inspect   random
 1     96.05    100.00   |     92.21     40.56
 2     98.92     99.53   |     98.66     60.42
 3     94.79    100.00   |     89.39     28.56
 4     97.59    100.00   |     85.40     30.44
 5     99.49    100.00   |     99.46     58.75
 6     96.66     99.99   |     95.10     37.43
 7     95.95    100.00   |     89.83     42.16
 8     96.48    100.00   |     92.79     37.99
 9     95.90    100.00   |     92.60     41.52
10     96.71     99.99   |     92.67     36.64
11     97.03     99.98   |     92.64     36.92
12     95.76    100.00   |     92.85     41.46
13     98.90     99.97   |     98.52     36.20
14     96.43     99.99   |     87.65     46.91
15     94.29    100.00   |     84.34     44.31
16     98.62     99.99   |     98.20     35.59

Revenue
-------
#   simul (std err)   descending (std err)   |   never-inspect (std err)
 1     1.475 (0.001)     2.390 (0.001)   |     1.521 (0.001)
 2     0.210 (0.000)     0.435 (0.000)   |     0.213 (0.000)
 3     2.130 (0.001)     3.649 (0.002)   |     2.162 (0.001)
 4     2.487 (0.003)     5.419 (0.006)   |     2.898 (0.002)
 5     0.825 (0.000)     1.104 (0.000)   |     0.825 (0.000)
 6     1.081 (0.001)     1.814 (0.001)   |     1.101 (0.001)
 7     1.602 (0.001)     2.621 (0.002)   |     1.657 (0.001)
 8     1.286 (0.001)     2.249 (0.002)   |     1.334 (0.001)
 9     1.126 (0.001)     1.729 (0.001)   |     1.129 (0.001)
10     1.256 (0.001)     2.159 (0.002)   |     1.307 (0.001)
11     1.660 (0.001)     2.835 (0.002)   |     1.741 (0.001)
12     1.426 (0.001)     2.294 (0.001)   |     1.459 (0.001)
13     1.119 (0.001)     2.241 (0.001)   |     1.128 (0.001)
14     2.784 (0.001)     3.899 (0.001)   |     2.988 (0.001)
15     1.406 (0.001)     2.471 (0.001)   |     1.450 (0.000)
16     1.595 (0.001)     2.918 (0.002)   |     1.604 (0.001)

Revenue as percent of descending
--------------------------------
#   simul   |   never-inspect
 1    61.710   |    63.624
 2    48.332   |    49.002
 3    58.374   |    59.235
 4    45.891   |    53.478
 5    74.687   |    74.691
 6    59.598   |    60.685
 7    61.131   |    63.213
 8    57.196   |    59.318
 9    65.167   |    65.332
10    58.148   |    60.505
11    58.548   |    61.409
12    62.139   |    63.613
13    49.942   |    50.342
14    71.417   |    76.640
15    56.889   |    58.691
16    54.655   |    54.979

Percent of bidders inspecting
-----------------------------
#   simul (std err)   descending (std err)   opt (std err)
 1   19.46 ( 0.02)   30.22 ( 0.01)   30.20 ( 0.01)
 2   10.57 ( 0.02)   54.33 ( 0.01)   51.49 ( 0.01)
 3   12.49 ( 0.01)   17.53 ( 0.01)   17.52 ( 0.01)
 4   39.28 ( 0.02)   41.81 ( 0.02)   41.75 ( 0.02)
 5    0.58 ( 0.00)   20.98 ( 0.00)   20.98 ( 0.00)
 6   10.14 ( 0.01)   25.62 ( 0.01)   25.60 ( 0.01)
 7   27.73 ( 0.02)   34.42 ( 0.02)   34.41 ( 0.02)
 8   18.10 ( 0.02)   28.93 ( 0.01)   28.91 ( 0.01)
 9   19.58 ( 0.02)   30.70 ( 0.01)   30.71 ( 0.01)
10   18.71 ( 0.02)   29.00 ( 0.01)   28.97 ( 0.01)
11   22.59 ( 0.02)   30.40 ( 0.01)   30.26 ( 0.01)
12   16.11 ( 0.02)   29.10 ( 0.01)   29.09 ( 0.01)
13   11.31 ( 0.01)   22.60 ( 0.01)   22.48 ( 0.01)
14   33.18 ( 0.01)   35.20 ( 0.01)   35.07 ( 0.01)
15   31.44 ( 0.01)   39.17 ( 0.02)   39.16 ( 0.02)
16    6.57 ( 0.01)   22.89 ( 0.01)   22.87 ( 0.01)

Simultaneous auction stats
--------------------------
percent of times winner inspected and
percent of times winner had highest covered call
#   winner_insp (std err)   winner_was_opt (std err)
 1     58.81 ( 0.05)     82.12 ( 0.04)
 2     19.18 ( 0.04)     93.10 ( 0.03)
 3     64.90 ( 0.05)     78.35 ( 0.04)
 4     83.54 ( 0.04)     86.96 ( 0.03)
 5      2.77 ( 0.02)     94.95 ( 0.02)
 6     36.94 ( 0.05)     85.02 ( 0.04)
 7     71.38 ( 0.05)     82.32 ( 0.04)
 8     57.19 ( 0.05)     83.89 ( 0.04)
 9     49.28 ( 0.05)     82.26 ( 0.04)
10     57.81 ( 0.05)     84.55 ( 0.04)
11     68.46 ( 0.05)     84.98 ( 0.04)
12     52.05 ( 0.05)     81.51 ( 0.04)
13     51.58 ( 0.05)     92.00 ( 0.03)
14     86.48 ( 0.03)     85.95 ( 0.03)
15     76.58 ( 0.04)     78.64 ( 0.04)
16     27.70 ( 0.04)     90.93 ( 0.03)
