Welfare
-------
#   simul (std err)   descending (std err)   first-best (std err)   |   never-inspect (std err)   random (std err)
 1     2.727 (0.003)     2.828 (0.002)     2.828 (0.002)   |     2.629 (0.002)     1.102 (0.001)
 2     1.103 (0.002)     1.105 (0.001)     1.113 (0.001)   |     1.097 (0.001)     0.670 (0.001)
 3     3.781 (0.004)     3.975 (0.003)     3.975 (0.003)   |     3.575 (0.002)     1.100 (0.000)
 4    10.023 (0.020)    10.237 (0.016)    10.238 (0.016)   |     8.623 (0.008)     3.155 (0.004)
 5     0.930 (0.000)     0.933 (0.000)     0.933 (0.000)   |     0.930 (0.000)     0.502 (0.000)
 6     2.712 (0.004)     2.770 (0.003)     2.772 (0.003)   |     2.665 (0.002)     0.926 (0.001)
 7     2.923 (0.003)     3.035 (0.002)     3.035 (0.002)   |     2.756 (0.002)     1.212 (0.001)
 8     2.346 (0.003)     2.434 (0.002)     2.435 (0.002)   |     2.264 (0.001)     0.937 (0.001)
 9     2.057 (0.002)     2.137 (0.001)     2.137 (0.001)   |     2.000 (0.001)     0.823 (0.000)
10     3.962 (0.005)     4.067 (0.004)     4.069 (0.004)   |     3.764 (0.002)     1.465 (0.001)
11     2.419 (0.003)     2.503 (0.002)     2.504 (0.002)   |     2.341 (0.001)     0.933 (0.001)
12     4.002 (0.005)     4.078 (0.004)     4.079 (0.004)   |     3.915 (0.003)     1.364 (0.001)
13     2.937 (0.002)     2.991 (0.002)     2.991 (0.002)   |     2.916 (0.002)     1.127 (0.000)
14     1.259 (0.001)     1.307 (0.000)     1.307 (0.000)   |     1.219 (0.000)     0.624 (0.000)
15     1.649 (0.002)     1.795 (0.001)     1.795 (0.001)   |     1.496 (0.000)     0.908 (0.000)
16     2.182 (0.002)     2.204 (0.002)     2.204 (0.002)   |     2.178 (0.002)     0.726 (0.001)

Welfare as percent of first-best
--------------------------------
#   simul   descending   |   never-inspect   random
 1     96.45    100.00   |     92.98     38.97
 2     99.13     99.29   |     98.61     60.18
 3     95.12    100.00   |     89.93     27.67
 4     97.90     99.99   |     84.23     30.82
 5     99.72    100.00   |     99.69     53.76
 6     97.85     99.93   |     96.15     33.40
 7     96.33    100.00   |     90.83     39.94
 8     96.36     99.99   |     93.00     38.50
 9     96.22    100.00   |     93.57     38.50
10     97.37     99.95   |     92.51     36.00
11     96.61     99.98   |     93.49     37.26
12     98.12     99.99   |     95.99     33.43
13     98.20    100.00   |     97.50     37.67
14     96.37    100.00   |     93.27     47.77
15     91.88    100.00   |     83.36     50.60
16     98.97     99.98   |     98.79     32.92

Revenue
-------
#   simul (std err)   descending (std err)   |   never-inspect (std err)
 1     1.349 (0.001)     2.417 (0.002)   |     1.393 (0.001)
 2     0.260 (0.000)     0.626 (0.001)   |     0.265 (0.000)
 3     2.107 (0.001)     3.748 (0.003)   |     2.142 (0.001)
 4     3.195 (0.004)     6.029 (0.006)   |     3.740 (0.003)
 5     0.628 (0.000)     0.899 (0.000)   |     0.628 (0.000)
 6     1.102 (0.001)     2.205 (0.002)   |     1.131 (0.001)
 7     1.470 (0.001)     2.645 (0.002)   |     1.530 (0.001)
 8     1.182 (0.001)     1.850 (0.001)   |     1.220 (0.001)
 9     1.127 (0.001)     1.875 (0.001)   |     1.135 (0.001)
10     1.719 (0.001)     2.994 (0.002)   |     1.813 (0.001)
11     1.171 (0.001)     1.863 (0.001)   |     1.212 (0.001)
12     1.436 (0.001)     3.301 (0.003)   |     1.494 (0.001)
13     1.492 (0.001)     2.652 (0.002)   |     1.510 (0.001)
14     0.830 (0.000)     1.277 (0.000)   |     0.850 (0.000)
15     1.087 (0.001)     1.470 (0.001)   |     1.086 (0.000)
16     0.927 (0.001)     1.640 (0.001)   |     0.930 (0.001)

Revenue as percent of descending
--------------------------------
#   simul   |   never-inspect
 1    55.796   |    57.636
 2    41.631   |    42.415
 3    56.205   |    57.159
 4    52.985   |    62.028
 5    69.907   |    69.910
 6    49.960   |    51.303
 7    55.563   |    57.859
 8    63.912   |    65.970
 9    60.093   |    60.550
10    57.412   |    60.577
11    62.877   |    65.044
12    43.487   |    45.243
13    56.249   |    56.930
14    64.986   |    66.567
15    73.933   |    73.878
16    56.520   |    56.703

Percent of bidders inspecting
-----------------------------
#   simul (std err)   descending (std err)   opt (std err)
 1   18.16 ( 0.02)   29.15 ( 0.01)   29.12 ( 0.01)
 2   19.60 ( 0.03)   54.41 ( 0.01)   52.89 ( 0.01)
 3   11.94 ( 0.01)   17.08 ( 0.01)   17.08 ( 0.01)
 4   43.71 ( 0.02)   44.92 ( 0.02)   44.84 ( 0.02)
 5    0.53 ( 0.00)   20.54 ( 0.00)   20.54 ( 0.00)
 6   13.23 ( 0.01)   25.21 ( 0.01)   25.02 ( 0.01)
 7   25.91 ( 0.02)   32.86 ( 0.02)   32.83 ( 0.02)
 8   16.59 ( 0.02)   28.50 ( 0.01)   28.47 ( 0.01)
 9   17.45 ( 0.02)   29.11 ( 0.01)   29.10 ( 0.01)
10   24.90 ( 0.02)   31.20 ( 0.01)   30.95 ( 0.01)
11   16.81 ( 0.02)   28.30 ( 0.01)   28.23 ( 0.01)
12   18.78 ( 0.01)   26.68 ( 0.01)   26.53 ( 0.01)
13   10.18 ( 0.01)   23.82 ( 0.01)   23.78 ( 0.01)
14   16.77 ( 0.01)   27.78 ( 0.01)   27.77 ( 0.01)
15   26.40 ( 0.02)   37.92 ( 0.02)   37.89 ( 0.02)
16    3.70 ( 0.01)   21.75 ( 0.01)   21.69 ( 0.01)

Simultaneous auction stats
--------------------------
percent of times winner inspected and
percent of times winner had highest covered call
#   winner_insp (std err)   winner_was_opt (std err)
 1     57.67 ( 0.05)     83.03 ( 0.04)
 2     36.19 ( 0.05)     94.39 ( 0.02)
 3     63.77 ( 0.05)     78.83 ( 0.04)
 4     86.85 ( 0.03)     87.92 ( 0.03)
 5      2.59 ( 0.02)     97.07 ( 0.02)
 6     52.42 ( 0.05)     87.42 ( 0.03)
 7     70.57 ( 0.05)     83.31 ( 0.04)
 8     53.31 ( 0.05)     83.58 ( 0.04)
 9     47.26 ( 0.05)     83.50 ( 0.04)
10     74.08 ( 0.04)     86.05 ( 0.03)
11     54.47 ( 0.05)     84.12 ( 0.04)
12     71.87 ( 0.04)     87.61 ( 0.03)
13     42.25 ( 0.05)     88.79 ( 0.03)
14     61.45 ( 0.05)     80.71 ( 0.04)
15     63.58 ( 0.05)     74.04 ( 0.04)
16     16.59 ( 0.04)     93.62 ( 0.02)
