Welfare
-------
#   simul (std err)   descending (std err)   first-best (std err)   |   never-inspect (std err)
 1     2.325 (0.003)     2.398 (0.002)     2.398 (0.002)   |     2.272 (0.002)
 2     1.452 (0.002)     1.437 (0.001)     1.470 (0.001)   |     1.436 (0.001)
 3     3.038 (0.003)     3.206 (0.002)     3.206 (0.002)   |     2.895 (0.002)
 4     9.177 (0.020)     9.362 (0.015)     9.366 (0.015)   |     8.026 (0.008)
 5     0.915 (0.000)     0.917 (0.000)     0.917 (0.000)   |     0.915 (0.000)
 6     2.107 (0.003)     2.179 (0.002)     2.179 (0.002)   |     2.073 (0.001)
 7     1.977 (0.002)     2.062 (0.002)     2.062 (0.002)   |     1.894 (0.001)
 8     2.799 (0.003)     2.899 (0.002)     2.900 (0.002)   |     2.682 (0.002)
 9     1.838 (0.002)     1.908 (0.001)     1.908 (0.001)   |     1.783 (0.001)
10     3.965 (0.004)     4.081 (0.003)     4.082 (0.003)   |     3.728 (0.002)
11     2.265 (0.003)     2.336 (0.002)     2.337 (0.002)   |     2.191 (0.001)
12     3.286 (0.004)     3.386 (0.003)     3.387 (0.003)   |     3.197 (0.002)
13     1.889 (0.001)     1.929 (0.001)     1.929 (0.001)   |     1.882 (0.001)
14     1.853 (0.002)     1.967 (0.001)     1.967 (0.001)   |     1.774 (0.000)
15     2.145 (0.003)     2.299 (0.001)     2.299 (0.001)   |     1.938 (0.001)
16     3.907 (0.004)     3.953 (0.004)     3.956 (0.004)   |     3.891 (0.003)

Welfare as percent of first-best
--------------------------------
#   simul   descending   |   never-inspect
 1     96.97     99.99   |     94.72
 2     98.81     97.74   |     97.69
 3     94.76    100.00   |     90.30
 4     97.98     99.96   |     85.70
 5     99.74    100.00   |     99.73
 6     96.71    100.00   |     95.17
 7     95.86    100.00   |     91.85
 8     96.51     99.99   |     92.49
 9     96.35    100.00   |     93.48
10     97.14     99.98   |     91.33
11     96.94     99.99   |     93.77
12     97.01     99.97   |     94.39
13     97.91     99.99   |     97.56
14     94.24    100.00   |     90.18
15     93.30     99.97   |     84.28
16     98.74     99.92   |     98.36

Revenue
-------
#   simul (std err)   descending (std err)   |   never-inspect (std err)
 1     1.070 (0.001)     1.998 (0.002)   |     1.103 (0.001)
 2     0.445 (0.000)     0.868 (0.001)   |     0.459 (0.000)
 3     1.748 (0.001)     2.745 (0.002)   |     1.774 (0.001)
 4     2.796 (0.003)     4.164 (0.003)   |     3.282 (0.002)
 5     0.645 (0.000)     0.816 (0.000)   |     0.645 (0.000)
 6     1.054 (0.001)     1.593 (0.001)   |     1.072 (0.001)
 7     1.043 (0.001)     1.430 (0.001)   |     1.073 (0.001)
 8     1.380 (0.001)     2.376 (0.002)   |     1.434 (0.001)
 9     0.998 (0.001)     1.558 (0.001)   |     1.003 (0.000)
10     1.841 (0.001)     3.061 (0.002)   |     1.950 (0.001)
11     1.079 (0.001)     1.927 (0.001)   |     1.117 (0.001)
12     1.466 (0.001)     2.608 (0.002)   |     1.518 (0.001)
13     1.093 (0.001)     1.648 (0.001)   |     1.098 (0.000)
14     1.325 (0.000)     1.769 (0.000)   |     1.342 (0.000)
15     1.285 (0.001)     1.717 (0.001)   |     1.320 (0.000)
16     1.625 (0.001)     2.654 (0.002)   |     1.637 (0.001)

Revenue as percent of descending
--------------------------------
#   simul   |   never-inspect
 1    53.540   |    55.192
 2    51.286   |    52.938
 3    63.697   |    64.621
 4    67.148   |    78.819
 5    79.027   |    79.027
 6    66.148   |    67.305
 7    72.954   |    74.997
 8    58.085   |    60.354
 9    64.036   |    64.388
10    60.142   |    63.697
11    56.009   |    57.982
12    56.199   |    58.217
13    66.359   |    66.642
14    74.890   |    75.823
15    74.879   |    76.878
16    61.221   |    61.690

Percent of bidders inspecting
-----------------------------
#   simul (std err)   descending (std err)   opt (std err)
 1   14.66 ( 0.01)   26.84 ( 0.01)   26.77 ( 0.01)
 2   24.06 ( 0.03)   55.37 ( 0.02)   56.15 ( 0.02)
 3   10.51 ( 0.01)   16.56 ( 0.01)   16.55 ( 0.01)
 4   39.26 ( 0.02)   43.00 ( 0.02)   42.78 ( 0.02)
 5    0.20 ( 0.00)   20.49 ( 0.00)   20.49 ( 0.00)
 6    9.86 ( 0.01)   25.62 ( 0.01)   25.61 ( 0.01)
 7   19.77 ( 0.02)   30.72 ( 0.01)   30.70 ( 0.01)
 8   19.27 ( 0.02)   29.41 ( 0.01)   29.38 ( 0.01)
 9   17.91 ( 0.02)   29.65 ( 0.01)   29.63 ( 0.01)
10   26.54 ( 0.02)   32.21 ( 0.01)   32.09 ( 0.01)
11   15.90 ( 0.02)   27.60 ( 0.01)   27.56 ( 0.01)
12   17.72 ( 0.01)   28.09 ( 0.01)   27.98 ( 0.01)
13    5.68 ( 0.01)   23.54 ( 0.01)   23.52 ( 0.01)
14   18.43 ( 0.01)   31.55 ( 0.02)   31.50 ( 0.02)
15   29.29 ( 0.02)   37.77 ( 0.02)   37.89 ( 0.02)
16    8.13 ( 0.01)   22.97 ( 0.01)   22.91 ( 0.01)
